Timestamp: 2015-03-24T16:37:53-07:00

Total Viewers for top 25 streams:
5967

Viewer counts:
[2829, 559, 365, 363, 344, 222, 166, 157, 106, 107, 95, 82, 76, 66, 60, 57, 46, 40, 40, 41, 39, 35, 26, 29, 17]
-------------------------
Timestamp: 2015-03-24T16:39:46-07:00

Total Viewers for top 25 streams:
6095

Viewer counts:
[2895, 552, 439, 355, 337, 230, 166, 142, 111, 103, 102, 87, 65, 64, 56, 50, 58, 45, 41, 40, 35, 37, 28, 29, 28]
-------------------------

-------------------------
Timestamp: 2015-03-24T16:46:56-07:00

Total Viewers for top 25 streams:
5873

Viewer counts:
[3045, 517, 364, 343, 249, 166, 152, 106, 102, 101, 91, 83, 73, 62, 61, 59, 54, 38, 35, 35, 33, 31, 25, 25, 23]
-------------------------

-------------------------
Timestamp: 2015-03-24T16:55:26-07:00

Total Viewers for top 25 streams:
5250

Viewer counts:
[2930, 505, 351, 243, 169, 128, 105, 102, 68, 64, 59, 59, 57, 54, 49, 48, 39, 34, 34, 32, 31, 26, 25, 20, 18]
-------------------------

-------------------------
Timestamp: 2015-03-24T16:56:20-07:00

Total Viewers for top 25 streams:
5250

Viewer counts:
[2930, 505, 351, 243, 169, 128, 105, 102, 68, 64, 59, 59, 57, 54, 49, 48, 39, 34, 34, 32, 31, 26, 25, 20, 18]
-------------------------

-------------------------
Timestamp: 2015-03-24T17:00:03-07:00

Total Viewers for top 25 streams:
5209

Viewer counts:
[2800, 529, 333, 251, 182, 171, 121, 104, 81, 66, 64, 58, 57, 53, 43, 42, 40, 34, 33, 31, 30, 26, 23, 21, 16]
-------------------------

-------------------------
Timestamp: 2015-03-24T18:00:03-07:00

Total Viewers for top 25 streams:
5638

Viewer counts:
[2554, 732, 330, 272, 271, 192, 190, 137, 119, 135, 87, 68, 60, 57, 47, 46, 45, 43, 40, 40, 39, 36, 35, 33, 30]
-------------------------

-------------------------
Timestamp: 2015-03-24T19:00:02-07:00

Total Viewers for top 25 streams:
6703

Viewer counts:
[2200, 1090, 909, 514, 301, 254, 253, 203, 131, 128, 103, 101, 75, 72, 50, 49, 44, 47, 35, 31, 27, 23, 21, 21, 21]
-------------------------

-------------------------
Timestamp: 2015-03-24T20:00:03-07:00

Total Viewers for top 25 streams:
3769

Viewer counts:
[2012, 298, 275, 199, 166, 109, 68, 62, 63, 58, 47, 44, 43, 39, 35, 35, 33, 28, 26, 25, 23, 22, 21, 20, 18]
-------------------------

-------------------------
Timestamp: 2015-03-24T21:00:03-07:00

Total Viewers for top 25 streams:
2620

Viewer counts:
[668, 311, 286, 262, 211, 140, 93, 95, 74, 70, 48, 43, 43, 33, 32, 31, 28, 27, 23, 22, 17, 19, 18, 13, 13]
-------------------------

-------------------------
Timestamp: 2015-03-24T22:00:03-07:00

Total Viewers for top 25 streams:
2859

Viewer counts:
[999, 583, 300, 177, 127, 97, 97, 50, 46, 44, 44, 41, 38, 32, 32, 24, 21, 21, 16, 16, 16, 14, 2, 13, 9]
-------------------------

-------------------------
Timestamp: 2015-03-24T23:00:03-07:00

Total Viewers for top 25 streams:
2237

Viewer counts:
[1253, 188, 170, 71, 70, 57, 47, 47, 43, 41, 32, 31, 30, 19, 18, 17, 15, 15, 13, 11, 11, 10, 11, 9, 8]
-------------------------

-------------------------
Timestamp: 2015-03-25T00:00:02-07:00

Total Viewers for top 25 streams:
2462

Viewer counts:
[1253, 268, 138, 112, 88, 63, 63, 50, 49, 44, 44, 35, 40, 35, 28, 27, 21, 16, 14, 13, 14, 13, 13, 12, 9]
-------------------------

-------------------------
Timestamp: 2015-03-25T01:00:03-07:00

Total Viewers for top 25 streams:
2810

Viewer counts:
[1569, 299, 244, 122, 78, 77, 63, 47, 39, 44, 37, 39, 29, 26, 20, 20, 5, 8, 9, 8, 7, 6, 5, 5, 4]
-------------------------

-------------------------
Timestamp: 2015-03-25T02:00:03-07:00

Total Viewers for top 25 streams:
3330

Viewer counts:
[1500, 589, 214, 189, 107, 99, 83, 81, 72, 50, 38, 42, 41, 49, 32, 23, 21, 16, 13, 14, 14, 13, 12, 10, 8]
-------------------------

-------------------------
Timestamp: 2015-03-25T03:00:02-07:00

Total Viewers for top 25 streams:
3246

Viewer counts:
[1382, 375, 222, 190, 155, 150, 115, 90, 69, 69, 52, 46, 45, 41, 30, 27, 25, 26, 25, 21, 19, 21, 19, 16, 16]
-------------------------

-------------------------
Timestamp: 2015-03-25T04:00:03-07:00

Total Viewers for top 25 streams:
3480

Viewer counts:
[1450, 391, 309, 262, 152, 129, 122, 95, 75, 69, 70, 44, 40, 37, 37, 30, 24, 26, 25, 22, 19, 15, 14, 12, 11]
-------------------------

-------------------------
Timestamp: 2015-03-25T05:00:04-07:00

Total Viewers for top 25 streams:
9726

Viewer counts:
[5818, 1369, 416, 340, 290, 211, 196, 157, 130, 118, 89, 66, 65, 63, 49, 45, 41, 41, 38, 38, 36, 33, 31, 26, 20]
-------------------------

-------------------------
Timestamp: 2015-03-25T06:00:04-07:00

Total Viewers for top 25 streams:
9791

Viewer counts:
[5484, 1411, 464, 401, 345, 344, 243, 220, 142, 104, 89, 62, 54, 53, 50, 47, 43, 36, 36, 36, 34, 31, 21, 21, 20]
-------------------------

-------------------------
Timestamp: 2015-03-25T07:00:03-07:00

Total Viewers for top 25 streams:
10142

Viewer counts:
[6072, 901, 590, 414, 348, 309, 220, 189, 128, 127, 111, 120, 87, 87, 68, 58, 53, 46, 40, 30, 30, 30, 30, 28, 26]
-------------------------

-------------------------
Timestamp: 2015-03-25T08:00:03-07:00

Total Viewers for top 25 streams:
4687

Viewer counts:
[1159, 818, 482, 406, 240, 233, 203, 178, 128, 115, 92, 85, 85, 67, 64, 53, 41, 38, 36, 32, 30, 28, 26, 25, 23]
-------------------------

-------------------------
Timestamp: 2015-03-25T09:00:03-07:00

Total Viewers for top 25 streams:
4989

Viewer counts:
[1310, 926, 499, 285, 228, 220, 203, 195, 176, 121, 111, 98, 74, 95, 57, 48, 47, 45, 43, 42, 39, 34, 33, 33, 27]
-------------------------

