Timestamp,Total Channels,Total Viewers,Top 25
2015-03-25T11:30:08-07:00,297,5128,[1080, 867, 543, 521, 222, 211, 180, 163, 153, 120, 72, 69, 67, 61, 48, 44, 43, 39, 34, 34, 33, 23, 23, 22, 20]
2015-03-25T12:00:04-07:00,310,5683,[1195, 1132, 536, 344, 243, 229, 207, 189, 158, 156, 115, 86, 79, 66, 57, 54, 49, 47, 44, 40, 40, 38, 37, 26, 23]
2015-03-25T13:00:04-07:00,326,5262,[1639, 681, 570, 253, 215, 159, 136, 131, 117, 92, 59, 58, 50, 49, 46, 43, 42, 37, 29, 26, 25, 25, 24, 22, 20]
2015-03-25T14:00:05-07:00,351,5747,[1931, 823, 622, 185, 144, 143, 116, 111, 112, 78, 73, 71, 69, 61, 60, 59, 58, 56, 53, 44, 35, 32, 28, 26, 25]
2015-03-25T15:00:04-07:00,324,6931,[2009, 869, 623, 447, 367, 195, 186, 162, 146, 118, 115, 115, 110, 89, 78, 73, 60, 57, 49, 48, 40, 35, 34, 33, 32]
2015-03-25T16:00:04-07:00,311,5606,[2320, 594, 577, 202, 176, 162, 147, 123, 116, 66, 63, 59, 56, 54, 40, 35, 35, 30, 31, 33, 34, 21, 20, 18, 20]
2015-03-25T17:00:04-07:00,292,5634,[2357, 621, 453, 318, 233, 175, 132, 100, 91, 85, 79, 71, 67, 49, 49, 42, 38, 29, 23, 19, 21, 18, 17, 17, 16]
2015-03-25T18:00:04-07:00,292,5578,[2274, 437, 263, 321, 207, 192, 178, 163, 109, 110, 102, 91, 82, 69, 52, 48, 47, 36, 32, 33, 28, 28, 23, 21, 18]
2015-03-25T19:00:04-07:00,272,5018,[1958, 551, 358, 334, 295, 227, 211, 97, 77, 75, 40, 30, 29, 29, 24, 22, 21, 16, 14, 14, 13, 13, 13, 12, 10]
2015-03-25T20:00:04-07:00,269,2772,[577, 527, 377, 147, 90, 77, 60, 52, 36, 48, 27, 28, 25, 23, 27, 19, 19, 18, 17, 16, 15, 14, 14, 12, 14]
2015-03-25T21:00:04-07:00,234,2593,[856, 589, 138, 118, 88, 55, 48, 43, 30, 30, 28, 28, 24, 23, 20, 19, 17, 15, 13, 12, 12, 12, 10, 10, 10]
2015-03-25T22:00:04-07:00,194,2635,[1010, 408, 122, 97, 85, 84, 74, 54, 53, 43, 41, 39, 25, 25, 23, 22, 21, 20, 15, 14, 11, 10, 10, 10, 8]
2015-03-25T23:00:04-07:00,179,2611,[1151, 379, 133, 84, 81, 58, 46, 45, 41, 34, 28, 26, 24, 23, 17, 20, 19, 19, 15, 12, 12, 10, 10, 11, 9]
2015-03-26T00:00:04-07:00,148,2530,[1132, 323, 223, 133, 85, 62, 44, 44, 40, 28, 22, 19, 18, 18, 17, 16, 14, 12, 9, 12, 10, 10, 7, 9, 9]
2015-03-26T01:00:04-07:00,131,3085,[1253, 376, 204, 190, 158, 139, 79, 66, 55, 56, 52, 35, 29, 26, 33, 24, 15, 18, 15, 13, 14, 13, 11, 10, 9]
2015-03-26T09:03:39+00:00,115,3104,[1299, 401, 299, 157, 119, 108, 98, 73, 43, 42, 40, 32, 30, 30, 24, 24, 17, 15, 15, 15, 14, 14, 14, 11, 10]
2015-03-26T09:04:01+00:00,115,3104,[1299, 401, 299, 157, 119, 108, 98, 73, 43, 42, 40, 32, 30, 30, 24, 24, 17, 15, 15, 15, 14, 14, 14, 11, 10]
2015-03-26T02:00:04-07:00,113,3113,[1320, 404, 306, 154, 117, 112, 96, 72, 43, 43, 37, 27, 32, 30, 23, 26, 18, 18, 17, 13, 13, 13, 12, 8, 10]
2015-03-26T09:06:24+00:00,113,3146,[1322, 408, 278, 157, 121, 109, 101, 67, 44, 41, 43, 34, 31, 31, 27, 26, 18, 16, 15, 14, 14, 14, 13, 13, 9]
2015-03-26T09:10:02+00:00,113,3214,[1356, 400, 285, 160, 134, 107, 102, 75, 44, 41, 40, 42, 38, 27, 27, 23, 19, 16, 16, 15, 15, 15, 14, 10, 10]
2015-03-26T02:20:37-07:00,122,3024,[1482, 275, 201, 140, 106, 96, 77, 73, 38, 37, 30, 27, 27, 22, 22, 20, 17, 15, 15, 15, 14, 13, 13, 12, 12]
2015-03-26T02:22:29-07:00,118,2997,[1497, 281, 226, 143, 106, 97, 76, 74, 40, 38, 29, 27, 27, 24, 23, 21, 17, 16, 16, 15, 13, 13, 11, 11, 10]
2015-03-26T03:00:02-07:00,125,3025,[1379, 320, 283, 150, 96, 96, 83, 48, 45, 43, 37, 25, 24, 24, 21, 19, 19, 17, 14, 13, 12, 12, 11, 9, 11]
2015-03-26T04:00:01-07:00,146,3537,[1373, 432, 355, 188, 106, 103, 98, 91, 87, 73, 63, 43, 43, 37, 33, 32, 25, 23, 19, 19, 13, 12, 10, 11, 9]
2015-03-26T05:00:01-07:00,128,2316,[981, 662, 242, 165, 117, 100, 60, 63, 62, 52, 40, 35, 33, 31, 26, 22, 18, 15, 15, 14, 14, 13, 11, 9, 8]
2015-03-26T06:00:01-07:00,139,3243,[1152, 349, 284, 217, 190, 203, 124, 112, 107, 53, 37, 33, 32, 31, 28, 28, 27, 18, 18, 16, 15, 13, 12, 12, 10]
2015-03-26T07:00:01-07:00,202,3533,[1095, 539, 328, 240, 166, 149, 128, 111, 102, 104, 38, 38, 32, 26, 18, 17, 17, 17, 16, 13, 15, 19, 13, 13, 14]
2015-03-26T08:00:01-07:00,219,4348,[1140, 774, 340, 249, 254, 214, 205, 190, 110, 91, 76, 55, 40, 48, 38, 33, 30, 24, 19, 19, 19, 17, 16, 16, 13]
2015-03-26T09:00:02-07:00,243,4770,[1178, 722, 393, 317, 263, 209, 207, 204, 125, 100, 76, 72, 66, 53, 39, 34, 32, 30, 26, 25, 21, 20, 20, 18, 17]
2015-03-26T10:00:02-07:00,246,5506,[1122, 802, 495, 316, 274, 241, 240, 204, 186, 158, 115, 103, 88, 81, 65, 60, 48, 48, 45, 41, 36, 36, 34, 27, 27]
2015-03-26T11:00:01-07:00,256,5526,[983, 755, 500, 489, 446, 338, 266, 247, 187, 103, 95, 68, 59, 50, 47, 45, 44, 43, 30, 25, 24, 24, 21, 21, 21]
2015-03-26T12:00:01-07:00,267,6393,[1142, 1044, 798, 502, 496, 246, 252, 228, 198, 125, 123, 117, 61, 59, 57, 53, 53, 52, 51, 41, 35, 31, 29, 18, 17]
2015-03-26T13:00:02-07:00,307,6117,[1271, 1074, 843, 561, 286, 201, 172, 145, 137, 127, 116, 83, 81, 73, 53, 51, 50, 35, 35, 34, 32, 28, 23, 21, 20]
2015-03-26T14:00:01-07:00,337,5911,[1196, 949, 694, 520, 353, 238, 196, 152, 146, 119, 108, 78, 71, 62, 52, 47, 43, 37, 33, 27, 23, 20, 19, 17, 17]
2015-03-26T15:00:02-07:00,311,5224,[1274, 944, 755, 546, 400, 119, 114, 92, 71, 40, 34, 34, 33, 31, 28, 27, 22, 21, 21, 20, 18, 17, 15, 15, 15]
2015-03-26T16:00:02-07:00,298,5568,[1937, 967, 508, 459, 181, 174, 93, 92, 68, 46, 45, 45, 35, 30, 30, 26, 26, 24, 23, 22, 21, 20, 20, 20, 19]
2015-03-26T17:00:02-07:00,277,7325,[1894, 1385, 773, 533, 515, 465, 177, 149, 105, 95, 94, 92, 80, 49, 43, 43, 42, 41, 32, 31, 30, 29, 22, 20, 20]
2015-03-26T18:00:02-07:00,260,6401,[2134, 1549, 445, 241, 214, 180, 140, 132, 108, 92, 72, 69, 66, 64, 53, 40, 32, 34, 31, 29, 28, 28, 26, 19, 19]
2015-03-26T19:00:01-07:00,271,4705,[1983, 420, 213, 175, 151, 141, 130, 92, 90, 83, 65, 62, 54, 50, 50, 48, 43, 43, 42, 39, 32, 32, 25, 24, 17]
2015-03-26T20:00:01-07:00,278,3765,[1936, 229, 186, 151, 105, 85, 66, 59, 56, 48, 52, 47, 45, 42, 32, 31, 24, 22, 21, 18, 17, 13, 13, 13, 12]
2015-03-26T21:00:02-07:00,268,3617,[1692, 190, 149, 143, 135, 133, 115, 67, 62, 52, 53, 50, 61, 40, 32, 27, 20, 19, 16, 14, 12, 11, 11, 11, 10]
2015-03-26T22:00:02-07:00,235,2203,[252, 235, 225, 219, 177, 157, 80, 79, 52, 51, 48, 44, 40, 33, 26, 18, 18, 17, 15, 14, 11, 10, 9, 9, 8]
2015-03-26T23:00:02-07:00,203,1853,[544, 214, 204, 98, 63, 53, 49, 40, 29, 28, 27, 26, 26, 24, 21, 19, 18, 17, 16, 12, 12, 9, 9, 8, 8]
2015-03-27T00:00:02-07:00,176,1796,[431, 281, 203, 89, 74, 72, 48, 40, 39, 36, 27, 28, 28, 25, 22, 21, 19, 14, 14, 9, 11, 8, 10, 10, 7]
2015-03-27T01:00:02-07:00,141,1958,[516, 263, 221, 163, 81, 58, 56, 49, 46, 38, 33, 31, 29, 25, 24, 24, 23, 16, 15, 11, 10, 9, 8, 8, 6]
2015-03-27T02:00:02-07:00,127,1487,[393, 236, 114, 110, 74, 65, 53, 51, 43, 36, 27, 20, 19, 17, 15, 12, 12, 12, 10, 8, 7, 7, 6, 6, 6]
2015-03-27T03:00:02-07:00,113,1821,[366, 307, 255, 223, 81, 76, 74, 37, 37, 34, 27, 27, 25, 21, 17, 18, 16, 12, 11, 10, 7, 7, 7, 6, 5]
2015-03-27T04:00:01-07:00,117,1962,[470, 299, 181, 164, 124, 86, 67, 50, 49, 42, 31, 31, 31, 25, 22, 17, 17, 15, 15, 16, 14, 10, 9, 10, 8]
2015-03-27T05:00:01-07:00,133,2114,[772, 221, 169, 159, 91, 80, 45, 44, 42, 39, 40, 37, 36, 32, 22, 22, 19, 15, 14, 11, 9, 8, 6, 6, 6]
2015-03-27T06:00:01-07:00,154,2382,[806, 289, 169, 164, 148, 85, 74, 57, 57, 49, 43, 34, 30, 26, 23, 23, 18, 16, 14, 11, 10, 10, 9, 8, 8]
2015-03-27T07:00:01-07:00,187,2894,[1005, 297, 220, 150, 130, 93, 79, 79, 71, 66, 51, 46, 41, 27, 23, 23, 23, 18, 17, 17, 14, 12, 12, 11, 11]
2015-03-27T08:00:01-07:00,233,4034,[1038, 665, 522, 184, 176, 155, 134, 96, 95, 89, 87, 65, 50, 36, 33, 29, 27, 25, 26, 20, 20, 22, 18, 18, 15]
2015-03-27T09:00:02-07:00,258,4245,[921, 705, 521, 349, 224, 163, 151, 105, 105, 76, 69, 44, 44, 36, 28, 28, 27, 27, 25, 21, 16, 16, 16, 16, 15]
2015-03-27T10:00:02-07:00,262,4842,[901, 713, 440, 395, 322, 266, 216, 146, 138, 137, 112, 105, 64, 52, 50, 49, 42, 27, 25, 24, 20, 18, 17, 17, 16]
2015-03-27T11:00:02-07:00,285,4707,[847, 704, 483, 424, 287, 264, 263, 211, 190, 172, 168, 157, 113, 94, 77, 63, 53, 52, 50, 40, 29, 31, 21, 17, 20]
2015-03-27T12:00:02-07:00,287,4888,[1014, 851, 466, 321, 235, 192, 187, 179, 159, 160, 63, 56, 54, 51, 49, 38, 37, 37, 30, 23, 22, 22, 21, 20, 18]
2015-03-27T13:00:02-07:00,334,4590,[1116, 843, 490, 199, 185, 180, 179, 142, 59, 54, 52, 44, 44, 40, 39, 37, 37, 28, 27, 26, 25, 22, 21, 21, 20]
2015-03-27T14:00:01-07:00,364,3967,[1195, 496, 343, 174, 145, 118, 81, 72, 60, 58, 53, 54, 36, 36, 30, 36, 28, 28, 23, 23, 22, 21, 19, 19, 17]
2015-03-27T15:00:01-07:00,352,4386,[1220, 595, 537, 173, 149, 137, 83, 75, 59, 59, 57, 48, 47, 43, 36, 35, 35, 34, 32, 26, 25, 21, 20, 20, 20]
2015-03-27T16:00:01-07:00,336,5170,[1271, 1033, 588, 247, 209, 193, 139, 78, 64, 58, 53, 47, 46, 44, 42, 42, 38, 38, 34, 33, 32, 27, 25, 23, 22]
2015-03-27T17:00:01-07:00,303,5531,[1593, 1070, 505, 255, 238, 176, 125, 105, 78, 78, 77, 60, 59, 45, 45, 40, 39, 38, 36, 30, 29, 29, 27, 27, 26]
2015-03-27T18:00:01-07:00,272,6012,[1639, 1469, 420, 222, 202, 193, 180, 150, 106, 105, 92, 87, 82, 74, 62, 49, 43, 40, 39, 31, 30, 30, 27, 26, 25]
2015-03-27T19:00:01-07:00,279,6119,[2309, 1275, 328, 272, 197, 177, 209, 150, 106, 76, 70, 63, 51, 47, 47, 29, 24, 23, 23, 26, 22, 21, 15, 20, 20]
2015-03-27T20:00:02-07:00,257,4556,[2305, 542, 217, 179, 170, 115, 92, 63, 63, 47, 43, 42, 26, 25, 25, 23, 22, 19, 19, 18, 17, 17, 16, 14, 14]
2015-03-27T21:00:02-07:00,249,5185,[2909, 485, 419, 246, 120, 95, 94, 70, 60, 42, 38, 37, 35, 30, 27, 21, 20, 20, 19, 17, 16, 14, 13, 13, 11]
2015-03-27T22:00:02-07:00,246,4643,[2571, 581, 212, 119, 113, 82, 76, 56, 54, 50, 50, 37, 31, 31, 29, 24, 18, 18, 17, 14, 14, 13, 12, 12, 9]
2015-03-27T23:00:02-07:00,218,4721,[2771, 625, 174, 106, 77, 74, 72, 50, 45, 38, 29, 24, 20, 18, 17, 17, 18, 17, 19, 15, 15, 13, 15, 13, 11]
2015-03-28T00:00:02-07:00,196,2056,[985, 156, 98, 78, 68, 57, 47, 45, 33, 32, 24, 20, 18, 17, 15, 15, 14, 14, 14, 11, 11, 9, 10, 10, 9]
2015-03-28T01:00:02-07:00,144,2220,[1092, 190, 102, 91, 82, 59, 44, 40, 35, 31, 28, 26, 28, 21, 19, 15, 14, 14, 13, 11, 7, 10, 10, 11, 9]
2015-03-28T02:00:02-07:00,134,2360,[754, 462, 225, 107, 96, 66, 64, 48, 48, 45, 37, 34, 26, 21, 19, 18, 17, 15, 15, 14, 11, 11, 10, 9, 9]
2015-03-28T03:00:01-07:00,126,1730,[488, 251, 127, 116, 98, 67, 48, 42, 38, 32, 31, 30, 25, 21, 15, 21, 21, 16, 14, 11, 10, 10, 10, 9, 8]
2015-03-28T04:00:01-07:00,155,2191,[609, 180, 136, 120, 97, 96, 76, 67, 46, 44, 36, 35, 34, 33, 31, 27, 24, 23, 21, 20, 20, 17, 16, 15, 14]
2015-03-28T05:00:01-07:00,180,2336,[739, 182, 139, 143, 122, 111, 110, 103, 70, 51, 35, 32, 28, 27, 24, 23, 23, 22, 21, 14, 14, 12, 11, 8, 7]
2015-03-28T06:00:02-07:00,195,2135,[798, 233, 115, 113, 111, 54, 52, 49, 49, 33, 31, 29, 28, 28, 21, 24, 19, 16, 13, 12, 11, 11, 10, 9, 8]
2015-03-28T07:00:02-07:00,221,3179,[859, 358, 304, 228, 181, 167, 131, 123, 88, 61, 34, 30, 23, 27, 23, 22, 20, 18, 18, 20, 16, 14, 14, 13, 13]
2015-03-28T08:00:01-07:00,253,3896,[786, 671, 435, 354, 170, 153, 144, 130, 114, 79, 70, 43, 41, 37, 30, 24, 24, 22, 19, 18, 15, 15, 15, 12, 12]
2015-03-28T09:00:01-07:00,280,5293,[1319, 755, 483, 461, 377, 190, 187, 171, 141, 129, 68, 55, 47, 44, 37, 33, 31, 23, 22, 20, 20, 19, 19, 19, 19]
2015-03-28T10:00:01-07:00,299,4590,[1344, 645, 462, 294, 233, 150, 85, 93, 96, 71, 67, 61, 53, 49, 28, 30, 25, 22, 24, 23, 23, 18, 19, 17, 18]
2015-03-28T11:00:01-07:00,319,5042,[1320, 605, 356, 338, 280, 248, 187, 128, 120, 82, 76, 79, 77, 63, 62, 56, 43, 40, 37, 29, 28, 28, 27, 23, 20]
2015-03-28T12:00:01-07:00,342,7173,[2159, 1109, 898, 402, 346, 315, 159, 121, 105, 94, 79, 78, 69, 65, 58, 49, 49, 44, 39, 32, 35, 34, 28, 26, 24]
2015-03-28T13:00:01-07:00,375,6989,[2620, 830, 783, 302, 220, 207, 179, 122, 111, 109, 77, 74, 68, 68, 68, 53, 45, 41, 39, 31, 32, 28, 27, 25, 25]
2015-03-28T14:00:01-07:00,397,7489,[3419, 792, 721, 262, 224, 211, 145, 88, 75, 72, 72, 58, 56, 54, 52, 37, 35, 34, 29, 29, 27, 26, 24, 24, 23]
2015-03-28T15:00:01-07:00,398,7260,[3475, 829, 671, 222, 206, 112, 103, 98, 83, 82, 81, 56, 52, 46, 45, 44, 42, 32, 30, 30, 29, 25, 23, 24, 23]
2015-03-28T16:00:02-07:00,368,7517,[4558, 1047, 239, 160, 159, 117, 102, 74, 59, 45, 34, 37, 31, 30, 28, 28, 28, 24, 19, 17, 17, 13, 14, 12, 13]
2015-03-28T17:00:01-07:00,317,7799,[4943, 1210, 185, 157, 124, 70, 64, 62, 59, 48, 41, 33, 30, 30, 25, 24, 22, 21, 19, 17, 17, 16, 16, 14, 12]
2015-03-28T18:00:01-07:00,296,7482,[4206, 1144, 371, 208, 156, 115, 93, 73, 73, 70, 60, 35, 31, 29, 28, 27, 23, 22, 20, 20, 19, 16, 14, 15, 13]
2015-03-28T19:00:06-07:00,,,[3854, 1300, 358, 209, 138, 116, 77, 75, 69, 51, 40, 38, 35, 34, 33, 31, 29, 25, 22, 16, 19, 19, 18, 16, 15]
2015-03-28T20:00:02-07:00,257,6573,[4598, 363, 254, 210, 94, 83, 68, 49, 49, 39, 35, 36, 32, 31, 31, 28, 26, 22, 19, 17, 17, 14, 13, 13, 13]
2015-03-28T21:00:02-07:00,261,6104,[3745, 630, 255, 214, 206, 86, 63, 55, 49, 54, 51, 49, 37, 37, 21, 21, 21, 17, 17, 18, 16, 16, 19, 13, 12]
2015-03-28T22:00:01-07:00,245,8912,[6530, 620, 340, 205, 141, 146, 109, 71, 65, 39, 38, 37, 24, 25, 23, 19, 17, 16, 11, 11, 10, 9, 7, 8, 11]
2015-03-28T23:00:02-07:00,210,7478,[5635, 660, 214, 157, 103, 103, 71, 39, 33, 31, 22, 20, 18, 14, 13, 13, 11, 10, 9, 9, 8, 8, 8, 8, 7]
2015-03-29T00:00:01-07:00,194,2315,[1064, 296, 112, 83, 73, 53, 42, 33, 21, 20, 20, 15, 14, 15, 10, 10, 11, 10, 9, 10, 9, 8, 8, 8, 8]
2015-03-29T01:00:01-07:00,161,3125,[1351, 456, 301, 113, 105, 100, 73, 48, 48, 40, 38, 26, 24, 20, 17, 16, 15, 14, 16, 10, 10, 10, 11, 9, 9]
2015-03-29T02:00:01-07:00,168,3413,[1364, 386, 285, 176, 127, 103, 102, 89, 73, 66, 66, 59, 47, 45, 25, 23, 20, 16, 16, 15, 13, 11, 9, 9, 9]
2015-03-29T03:00:02-07:00,165,3046,[1369, 398, 165, 155, 159, 100, 77, 70, 56, 45, 40, 30, 25, 15, 14, 13, 13, 11, 11, 9, 10, 10, 10, 9, 9]
2015-03-29T04:00:02-07:00,178,3195,[1615, 405, 198, 183, 164, 51, 49, 57, 40, 32, 28, 28, 27, 26, 24, 19, 16, 18, 14, 12, 12, 11, 10, 8, 9]
2015-03-29T05:00:02-07:00,212,3685,[1713, 369, 189, 154, 145, 109, 73, 63, 51, 45, 45, 43, 40, 37, 35, 30, 26, 25, 25, 25, 22, 18, 20, 18, 12]
2015-03-29T06:00:02-07:00,234,4448,[1629, 781, 343, 199, 190, 186, 116, 103, 82, 61, 57, 55, 49, 35, 38, 34, 32, 31, 30, 31, 22, 15, 16, 15, 15]
2015-03-29T07:00:01-07:00,269,5951,[1885, 563, 516, 427, 409, 234, 206, 166, 153, 139, 130, 79, 75, 75, 67, 60, 42, 40, 32, 38, 28, 23, 22, 22, 14]
2015-03-29T08:00:01-07:00,298,5537,[1787, 630, 530, 428, 303, 214, 150, 148, 146, 135, 71, 65, 64, 52, 41, 31, 29, 25, 23, 22, 19, 19, 17, 16, 16]
2015-03-29T09:00:02-07:00,316,4758,[1477, 474, 369, 237, 159, 158, 140, 134, 131, 115, 87, 79, 81, 75, 74, 62, 51, 53, 42, 37, 32, 31, 28, 26, 25]
2015-03-29T10:00:02-07:00,338,6965,[1710, 953, 472, 432, 431, 344, 269, 236, 173, 159, 134, 127, 107, 89, 83, 74, 70, 66, 64, 49, 45, 45, 41, 27, 22]
2015-03-29T11:00:02-07:00,320,6474,[1939, 555, 504, 418, 408, 334, 318, 272, 200, 190, 90, 88, 76, 75, 64, 44, 49, 39, 32, 30, 26, 21, 20, 17, 16]
2015-03-29T12:00:01-07:00,336,6906,[1738, 976, 503, 357, 354, 338, 288, 271, 234, 208, 190, 100, 99, 98, 89, 74, 53, 50, 50, 42, 35, 35, 26, 24, 23]
2015-03-29T13:00:01-07:00,377,8213,[2534, 1729, 549, 432, 363, 327, 225, 214, 178, 166, 129, 103, 86, 85, 69, 51, 48, 47, 40, 35, 31, 29, 29, 27, 26]
2015-03-29T14:00:02-07:00,343,6803,[2253, 1908, 660, 506, 369, 340, 336, 204, 188, 162, 158, 100, 96, 90, 78, 72, 71, 52, 47, 41, 39, 39, 32, 30, 30]
2015-03-29T15:00:02-07:00,337,5731,[2699, 591, 533, 266, 191, 154, 115, 76, 74, 54, 46, 33, 38, 26, 27, 27, 24, 24, 16, 15, 14, 13, 13, 12, 12]
2015-03-29T16:00:02-07:00,281,5465,[2701, 548, 432, 269, 216, 159, 90, 70, 66, 53, 48, 48, 46, 39, 35, 34, 29, 28, 25, 20, 17, 16, 14, 14, 14]
2015-03-29T17:00:02-07:00,263,5066,[2585, 565, 446, 358, 137, 105, 97, 54, 53, 43, 39, 38, 24, 21, 19, 18, 21, 17, 16, 16, 10, 12, 12, 12, 11]
2015-03-29T18:00:01-07:00,258,4825,[2467, 498, 396, 366, 110, 76, 60, 57, 49, 45, 44, 39, 31, 29, 28, 28, 19, 18, 16, 15, 12, 10, 12, 12, 11]
2015-03-29T19:00:01-07:00,222,2499,[777, 308, 291, 148, 60, 56, 54, 54, 58, 51, 47, 43, 40, 36, 30, 26, 20, 20, 19, 19, 22, 18, 16, 15, 14]
2015-03-29T20:00:02-07:00,197,1718,[504, 209, 178, 115, 67, 33, 31, 27, 28, 30, 27, 22, 18, 17, 19, 15, 14, 12, 14, 12, 15, 11, 12, 10, 10]
2015-03-29T21:00:02-07:00,204,2462,[689, 472, 231, 143, 80, 79, 40, 42, 40, 39, 37, 27, 23, 22, 22, 20, 18, 17, 14, 13, 13, 13, 12, 12, 9]
2015-03-29T22:00:02-07:00,197,2446,[1028, 355, 234, 55, 53, 44, 35, 27, 25, 25, 23, 23, 21, 18, 17, 17, 16, 15, 14, 13, 12, 11, 11, 11, 10]
2015-03-29T23:00:02-07:00,154,3513,[1344, 1008, 215, 155, 99, 90, 61, 54, 53, 52, 46, 41, 19, 16, 15, 14, 10, 9, 9, 9, 8, 7, 5, 6, 6]
2015-03-30T00:00:02-07:00,136,2921,[1500, 157, 157, 156, 130, 110, 73, 62, 37, 31, 24, 23, 21, 19, 14, 13, 11, 10, 9, 9, 8, 8, 8, 8, 7]
2015-03-30T01:00:02-07:00,128,3019,[1636, 204, 130, 113, 109, 103, 64, 55, 51, 46, 29, 28, 16, 23, 21, 14, 12, 11, 11, 11, 10, 10, 9, 9, 8]
2015-03-30T02:00:02-07:00,124,3611,[1773, 321, 288, 159, 99, 98, 76, 58, 77, 72, 55, 55, 31, 30, 29, 25, 21, 19, 16, 14, 14, 17, 13, 11, 11]
2015-03-30T03:00:01-07:00,139,3539,[1818, 322, 170, 137, 101, 96, 85, 77, 59, 54, 52, 47, 43, 42, 32, 26, 23, 21, 20, 18, 18, 16, 15, 14, 12]
2015-03-30T04:00:01-07:00,154,4106,[2063, 395, 201, 174, 156, 144, 82, 79, 72, 73, 68, 49, 36, 26, 28, 24, 23, 20, 16, 15, 12, 14, 14, 14, 13]
2015-03-30T05:00:01-07:00,149,7342,[3428, 1981, 333, 235, 189, 160, 148, 91, 80, 69, 60, 60, 56, 55, 40, 36, 34, 21, 19, 18, 16, 16, 13, 14, 11]
2015-03-30T06:00:01-07:00,184,7065,[2956, 1702, 387, 423, 243, 227, 128, 109, 99, 81, 67, 53, 51, 51, 46, 40, 28, 22, 18, 16, 13, 15, 13, 13, 14]
2015-03-30T07:00:01-07:00,205,6510,[2706, 821, 382, 371, 288, 227, 141, 126, 120, 113, 90, 82, 80, 60, 56, 51, 43, 42, 31, 31, 30, 27, 22, 21, 18]
2015-03-30T08:00:02-07:00,240,5650,[2059, 1089, 461, 401, 244, 127, 112, 104, 82, 81, 75, 75, 53, 49, 46, 36, 32, 29, 31, 27, 21, 18, 17, 16, 15]
2015-03-30T09:00:02-07:00,284,5936,[1722, 1281, 452, 446, 234, 216, 116, 112, 90, 99, 93, 83, 72, 68, 66, 60, 57, 40, 35, 33, 17, 16, 14, 14, 14]
2015-03-30T10:00:02-07:00,321,7883,[2399, 1134, 888, 348, 331, 318, 208, 200, 145, 130, 127, 126, 91, 87, 85, 85, 83, 75, 74, 72, 57, 55, 46, 42, 33]
2015-03-30T11:00:01-07:00,302,9083,[4498, 952, 725, 466, 419, 226, 199, 120, 106, 92, 81, 79, 74, 65, 53, 43, 42, 41, 31, 30, 27, 23, 22, 19, 18]
2015-03-30T12:00:01-07:00,339,10112,[6197, 1226, 513, 235, 195, 122, 114, 113, 95, 75, 65, 59, 59, 53, 51, 44, 36, 36, 34, 24, 20, 19, 18, 18, 16]
2015-03-30T13:00:01-07:00,351,8238,[5490, 641, 153, 158, 137, 136, 96, 86, 62, 60, 60, 59, 58, 47, 38, 40, 32, 28, 26, 24, 22, 20, 20, 19, 19]
2015-03-30T14:00:01-07:00,314,8553,[5730, 589, 289, 212, 196, 177, 166, 162, 99, 99, 98, 66, 61, 58, 56, 45, 44, 43, 39, 34, 28, 27, 25, 24, 21]
2015-03-30T15:00:07-07:00,,,[795, 435, 299, 292, 186, 148, 73, 57, 53, 49, 49, 41, 39, 32, 32, 32, 32, 26, 24, 21, 20, 19, 18, 17, 17]
2015-03-30T16:00:02-07:00,247,3636,[820, 737, 297, 285, 193, 143, 97, 84, 60, 54, 47, 42, 41, 33, 29, 25, 23, 22, 21, 21, 20, 17, 19, 17, 15]
2015-03-30T17:00:02-07:00,211,2905,[895, 565, 427, 69, 67, 63, 57, 56, 50, 35, 33, 30, 29, 23, 21, 18, 17, 16, 14, 14, 14, 14, 11, 11, 10]
2015-03-30T18:00:01-07:00,253,2526,[561, 290, 166, 155, 113, 91, 71, 71, 64, 48, 43, 41, 34, 33, 32, 30, 29, 24, 24, 22, 18, 18, 16, 16, 15]
2015-03-30T19:00:01-07:00,275,2162,[448, 305, 165, 153, 81, 77, 69, 66, 56, 40, 37, 32, 30, 30, 22, 17, 16, 15, 13, 11, 11, 11, 9, 9, 9]
2015-03-30T20:00:02-07:00,262,3316,[687, 518, 306, 234, 174, 133, 125, 104, 77, 67, 62, 62, 57, 56, 37, 33, 30, 30, 24, 22, 18, 16, 15, 15, 13]
2015-03-30T21:00:02-07:00,244,4714,[1787, 692, 607, 287, 186, 123, 78, 77, 62, 62, 58, 50, 44, 39, 32, 22, 21, 19, 18, 15, 15, 14, 11, 12, 11]
2015-03-30T22:00:02-07:00,193,5199,[2138, 712, 608, 316, 195, 127, 110, 88, 82, 81, 58, 57, 40, 33, 32, 30, 28, 21, 20, 20, 15, 15, 14, 12, 10]
2015-03-30T23:00:02-07:00,179,5903,[2151, 907, 833, 522, 245, 210, 115, 88, 88, 77, 74, 45, 38, 33, 26, 23, 21, 18, 16, 16, 15, 14, 14, 13, 13]
2015-03-31T00:00:02-07:00,164,5102,[2347, 1092, 344, 236, 224, 106, 77, 69, 66, 58, 55, 51, 32, 26, 17, 14, 12, 10, 10, 9, 8, 8, 8, 7, 7]
2015-03-31T01:00:01-07:00,149,3533,[1326, 432, 261, 199, 169, 99, 94, 89, 83, 68, 72, 63, 55, 43, 45, 45, 21, 20, 20, 20, 19, 18, 15, 11, 10]
2015-03-31T02:00:01-07:00,144,4063,[1488, 880, 440, 147, 122, 105, 101, 79, 70, 59, 51, 41, 36, 25, 23, 19, 17, 15, 14, 14, 14, 13, 13, 12, 10]
2015-03-31T03:00:01-07:00,138,3193,[1591, 499, 152, 135, 121, 115, 86, 61, 61, 48, 37, 34, 31, 29, 22, 20, 18, 17, 14, 12, 11, 9, 8, 7, 5]
2015-03-31T04:00:01-07:00,151,3611,[1622, 610, 190, 153, 131, 109, 102, 81, 57, 52, 48, 44, 30, 30, 23, 23, 21, 20, 20, 18, 15, 15, 12, 9, 7]
2015-03-31T05:00:02-07:00,142,3774,[1752, 499, 219, 184, 186, 153, 99, 80, 69, 73, 58, 43, 45, 27, 22, 16, 19, 17, 15, 16, 12, 11, 6, 8, 6]
2015-03-31T06:00:02-07:00,155,4278,[1704, 510, 283, 262, 225, 119, 114, 76, 72, 64, 58, 52, 27, 25, 19, 15, 14, 13, 12, 10, 9, 9, 9, 8, 7]
2015-03-31T07:00:02-07:00,212,11750,[7236, 1120, 700, 479, 391, 319, 246, 134, 156, 127, 117, 100, 90, 72, 56, 42, 28, 20, 19, 19, 19, 18, 15, 13, 13]
2015-03-31T08:00:01-07:00,250,13467,[8263, 1415, 646, 565, 457, 276, 248, 151, 136, 105, 77, 65, 59, 58, 53, 31, 29, 23, 22, 20, 20, 20, 20, 19, 19]
2015-03-31T09:00:02-07:00,259,4428,[1359, 497, 312, 295, 222, 151, 133, 111, 90, 87, 87, 61, 61, 57, 46, 43, 40, 23, 23, 23, 20, 19, 22, 19, 18]
2015-03-31T10:00:02-07:00,266,6953,[2599, 1053, 470, 300, 235, 226, 242, 167, 134, 134, 126, 113, 110, 85, 71, 64, 63, 55, 53, 50, 30, 20, 20, 19, 19]
2015-03-31T11:00:02-07:00,285,7384,[4209, 896, 490, 423, 173, 178, 189, 118, 115, 93, 86, 85, 77, 66, 66, 53, 54, 44, 41, 22, 21, 19, 18, 17, 17]
2015-03-31T12:00:02-07:00,335,8208,[4306, 924, 575, 306, 213, 167, 155, 117, 102, 92, 86, 76, 61, 59, 57, 56, 51, 34, 26, 24, 21, 23, 21, 17, 17]
2015-04-07T12:00:02-07:00,317,6454,[1227, 564, 521, 357, 331, 328, 310, 257, 247, 213, 173, 159, 153, 152, 127, 91, 79, 76, 68, 64, 63, 59, 58, 58, 46]
2015-04-07T13:00:02-07:00,313,6046,[1357, 870, 505, 493, 350, 288, 257, 150, 131, 121, 92, 85, 81, 70, 69, 62, 62, 59, 57, 54, 54, 48, 35, 31, 25]
2015-04-07T14:00:02-07:00,295,5549,[1]
2015-04-07T15:00:02-07:00,270,5349,[2475, 781, 446, 172, 100, 93, 88, 78, 76, 66, 58, 49, 49, 48, 42, 42, 41, 40, 26, 25, 23, 20, 20, 18, 16]
